Gene	log2FC_mRNA	padj
80729	-7.197149004	1.11E-86
46410	-2.438917025	2.23E-69
35230	2.684122906	1.61E-63
109531	-5.413062887	1.36E-58
106254	2.895786338	3.23E-57
171785	2.423733007	3.40E-55
117981	-1.850740156	3.18E-49
155592	3.13249315	3.29E-49
177367	3.255012855	6.23E-46
157276	2.059357598	1.04E-45
143641	1.89224144	1.53E-43
146470	2.624176454	1.34E-40
165444	2.37102446	2.15E-40
114483	4.326678414	1.73E-38
90308	1.978647869	2.28E-38
106198	-4.488808886	1.31E-34
156978	1.850026713	8.59E-33
185910	-1.940555211	1.78E-31
38405	4.177754193	7.60E-31
145356	2.347341994	1.76E-30
157246	2.755976228	1.61E-29
183033	-1.9071442	1.80E-29
135024	2.05420723	2.83E-28
163245	-6.190080261	2.83E-28
155023	1.581321185	2.45E-27
153280	2.619394045	1.15E-26
104978	-2.76309055	4.12E-26
159340	1.680512953	6.58E-26
136148	1.378723377	6.73E-26
82126	-2.90902132	2.22E-25
185166	1.904782316	2.25E-25
155883	1.981733771	5.58E-25
113030	-1.479969462	6.50E-25
157072	-2.280337078	9.61E-25
81415	-3.976537705	1.37E-23
152360	-1.638093344	2.82E-23
155500	3.016542273	5.00E-23
83191	2.543037015	9.30E-23
77497	1.576517905	1.14E-22
136487	1.948173229	1.53E-22
83946	1.412855922	1.53E-22
154994	-1.308986721	2.29E-22
93498	2.830037916	4.84E-22
184814	1.303447794	1.07E-20
140695	2.720877399	1.30E-20
189040	-2.043747412	3.66E-20
165312	-2.514964407	4.93E-20
105700	-1.803974285	6.49E-20
155810	-1.345877689	3.12E-19
106238	1.328304878	3.39E-19
159871	3.27922557	6.79E-19
150480	-1.416334825	7.04E-19
153454	2.563518652	8.63E-19
159414	2.168991666	1.32E-18
112151	1.687426232	2.27E-18
110016	2.314510209	3.34E-18
157288	2.671851843	4.69E-18
154682	1.378383664	1.28E-17
156269	-1.704758361	1.52E-17
182595	1.037973164	2.40E-17
78611	1.0596371	2.40E-17
182779	2.577523605	2.68E-17
81673	-1.220692422	5.75E-17
154019	1.185298456	5.89E-17
162849	1.42739986	6.34E-17
140453	2.356657097	7.47E-17
159770	1.033486435	7.47E-17
154133	1.567479572	1.12E-16
156297	-1.546403972	1.18E-16
157383	-1.146192873	1.26E-16
29874	3.186662645	1.77E-16
155711	2.753587434	2.44E-16
104887	1.641676157	2.86E-16
166364	3.816124075	3.06E-16
147336	-1.661076334	3.45E-16
157070	-1.56671798	4.87E-16
154895	1.763285523	6.35E-16
115609	2.182499593	7.41E-16
80037	2.87391181	1.27E-15
106355	1.470444921	1.37E-15
17074	-1.507130883	1.56E-15
173295	-2.865977364	1.58E-15
75846	2.332937171	1.59E-15
155166	4.037855021	2.53E-15
108030	-1.179246701	2.58E-15
111943	-2.498727936	4.51E-15
104348	1.261726642	4.95E-15
9808	1.283153567	5.01E-15
45643	1.479430272	7.21E-15
161121	1.880243847	8.23E-15
156013	1.063827081	9.35E-15
140864	3.681997331	1.00E-14
32382	1.610460036	1.26E-14
160543	2.466270479	1.29E-14
156794	1.279112603	1.98E-14
91563	2.823596937	2.65E-14
154743	2.857406097	3.87E-14
142378	3.542201469	7.31E-14
156125	2.170503633	8.09E-14
78931	1.815332167	8.60E-14
183529	1.456875237	9.24E-14
184750	-2.097131119	9.60E-14
129613	1.123082242	1.06E-13
106517	1.749903634	1.49E-13
188926	1.315846699	1.54E-13
185065	-1.116956657	1.76E-13
32392	1.757004439	1.90E-13
119638	-1.450043438	2.24E-13
154814	1.076009427	2.71E-13
141273	1.903231219	2.73E-13
156579	-2.074123117	3.16E-13
83520	-1.955653071	3.70E-13
105619	1.661922243	4.20E-13
113332	-3.856383415	4.25E-13
163700	1.635200836	4.30E-13
110868	-1.620701869	4.61E-13
155573	3.40424516	6.90E-13
163240	2.391920196	7.60E-13
148944	3.220292241	7.69E-13
109599	2.295085667	9.45E-13
191377	2.203945001	1.07E-12
106618	1.388790426	1.75E-12
157303	1.360952252	1.84E-12
33615	6.753902852	2.35E-12
188050	-1.130424939	2.54E-12
132688	1.439888751	2.70E-12
154772	-1.636521397	2.72E-12
151898	1.593613642	2.83E-12
156465	2.725247632	2.97E-12
105917	-1.703899597	3.16E-12
153150	2.400488996	4.64E-12
156287	1.408062388	4.78E-12
157324	-1.178212145	6.27E-12
110029	1.980911219	6.37E-12
82704	1.868491562	7.03E-12
156368	1.275358081	7.99E-12
140055	-1.949501703	1.07E-11
140082	1.907155986	1.30E-11
115916	-1.015830473	1.39E-11
186024	1.418570342	1.39E-11
161010	2.004360358	1.67E-11
152868	-1.116050789	1.74E-11
114459	1.202743765	1.92E-11
139399	1.795571745	2.13E-11
31317	2.606469876	2.87E-11
188160	1.029987663	3.40E-11
154992	1.159254954	3.63E-11
191058	1.70678698	4.03E-11
183214	1.56496061	4.06E-11
178553	1.734952774	4.29E-11
112108	1.366522239	4.78E-11
112448	2.043554036	5.98E-11
138658	1.925603345	6.34E-11
179978	3.069830045	6.91E-11
121218	2.134750243	7.42E-11
73711	1.78991008	9.59E-11
94376	-1.043324278	9.88E-11
178894	1.941744412	1.10E-10
75923	-3.030385175	1.12E-10
152792	1.425269798	1.53E-10
107961	1.905764928	1.55E-10
80058	1.549994899	1.55E-10
163914	-1.047153745	1.58E-10
124347	1.520803293	1.71E-10
154866	-1.774031598	1.71E-10
78968	2.623952579	1.82E-10
153606	-1.124291568	1.83E-10
109533	-1.024411829	1.83E-10
148055	-2.031555555	2.01E-10
153686	-1.04691136	2.03E-10
137463	-1.888797422	2.05E-10
162436	-2.548100216	2.05E-10
153534	1.816313772	2.06E-10
72341	1.779141184	2.09E-10
187130	-3.357479266	2.16E-10
156254	2.671860693	2.43E-10
157166	1.666834612	2.48E-10
146433	1.626631404	2.66E-10
104699	1.028402654	2.77E-10
155110	1.606165728	3.28E-10
146813	1.789457144	3.55E-10
157401	-2.548687064	3.72E-10
155113	1.333074022	4.25E-10
110808	2.528972179	4.78E-10
145296	-1.137945758	5.00E-10
155386	5.468347146	5.56E-10
41461	-1.121353008	6.33E-10
118761	1.695854286	7.50E-10
150794	1.644195919	7.53E-10
48488	1.342942416	8.18E-10
156721	1.452665271	8.23E-10
153099	-1.177050285	9.58E-10
165306	3.058872088	9.72E-10
107269	1.16176326	9.91E-10
156877	2.893372297	1.01E-09
154750	-1.469332969	1.03E-09
24118	1.484935562	1.04E-09
76083	-1.804420796	1.23E-09
166257	2.420626683	1.26E-09
140479	3.152546869	1.31E-09
25943	-1.236410501	1.39E-09
139955	2.406565211	1.40E-09
141196	1.391054136	1.57E-09
110388	1.332492395	1.62E-09
108667	-3.124301384	1.74E-09
162091	2.617196482	1.79E-09
154815	1.740004338	1.80E-09
128055	-3.646730984	2.16E-09
176428	-1.481888439	2.19E-09
71875	-1.79737913	2.19E-09
161426	2.681835203	2.35E-09
108219	1.177598618	2.40E-09
110430	-2.000256072	2.42E-09
127152	-1.192138142	2.62E-09
157469	2.030892995	2.72E-09
167136	1.089411584	2.86E-09
106110	-1.696632325	2.88E-09
144275	-1.110744902	2.91E-09
113194	1.887185349	2.98E-09
156936	1.089033629	2.98E-09
163262	-1.018529103	3.11E-09
84769	-1.881879394	3.12E-09
111806	-3.203585474	3.38E-09
148011	1.646352793	4.18E-09
105472	2.141583452	4.28E-09
77243	1.384855621	4.38E-09
189706	1.246281267	5.05E-09
154902	-1.27515128	5.19E-09
155279	-1.033632496	5.42E-09
180692	1.418284112	5.70E-09
157356	1.705059663	6.08E-09
156464	1.009032143	6.36E-09
159994	1.4912238	6.44E-09
157316	2.110071232	7.18E-09
164671	1.440307685	7.73E-09
178540	1.754519533	8.32E-09
152804	-4.847429227	8.40E-09
151821	1.883120052	9.23E-09
183101	1.293759216	9.40E-09
113824	1.701926992	9.99E-09
191182	4.044118327	1.07E-08
137247	1.014932653	1.21E-08
108360	1.377163495	1.22E-08
77781	-1.584930895	1.43E-08
115262	1.22863332	1.52E-08
155636	-1.192980954	1.65E-08
145299	-1.867874389	2.03E-08
152767	-1.026010009	2.03E-08
155528	1.057577409	2.17E-08
108447	1.348172572	2.34E-08
86936	2.071174878	2.41E-08
104504	1.231103694	2.51E-08
156290	-2.032176831	2.72E-08
180998	1.014793244	2.77E-08
106013	-2.340337909	2.94E-08
140498	1.346089115	2.96E-08
181540	1.05540325	3.29E-08
109471	1.272061895	3.33E-08
155263	1.346210999	3.33E-08
110469	-1.118870611	3.64E-08
151062	1.094006852	3.96E-08
166881	-1.958280187	4.28E-08
148979	2.132750509	4.29E-08
107229	1.305750532	4.35E-08
39960	-1.839254488	4.38E-08
50331	2.559062648	4.56E-08
128322	1.00477515	4.66E-08
174595	1.382745862	4.75E-08
108793	1.0476309	4.90E-08
113533	1.108312726	4.94E-08
190663	1.176964541	5.25E-08
155962	1.297627904	5.83E-08
157548	1.565129006	5.96E-08
113779	1.720443194	6.50E-08
161811	3.693055473	6.83E-08
157511	1.483133644	7.24E-08
41668	-1.21968003	7.62E-08
156065	1.622538788	7.81E-08
115952	-2.500247289	1.05E-07
111834	1.294387639	1.08E-07
145827	2.334454842	1.10E-07
157591	1.051868606	1.10E-07
174921	1.072766751	1.10E-07
43302	1.735782801	1.10E-07
77196	1.701206757	1.10E-07
109052	1.71306215	1.11E-07
84805	2.173958102	1.19E-07
106481	-1.552519838	1.22E-07
155280	-1.284034079	1.26E-07
114551	-1.222776021	1.30E-07
182647	1.429217232	1.34E-07
107290	2.038271664	1.51E-07
154858	1.975579273	1.58E-07
163147	-1.445184178	1.60E-07
85707	1.330509395	1.63E-07
156270	1.136682571	1.63E-07
154273	-1.076599385	1.67E-07
161392	1.42641407	1.70E-07
189295	1.175288743	1.70E-07
143448	-1.995501593	1.70E-07
157011	-4.308864541	1.74E-07
154827	1.998202085	1.80E-07
80057	1.351608542	1.80E-07
112303	2.51665973	1.84E-07
109412	1.256191727	1.93E-07
182413	2.698008568	2.10E-07
167058	3.687702643	2.15E-07
85832	-3.973818376	2.24E-07
186020	1.103148536	2.36E-07
85537	1.793059337	2.43E-07
185607	1.807855297	2.49E-07
180235	-1.351182648	2.67E-07
138478	-1.358958912	2.75E-07
157263	-1.841755594	2.75E-07
158509	2.15187516	2.78E-07
153639	-1.42870628	2.83E-07
111422	1.749341702	2.88E-07
155276	1.035674166	2.99E-07
159317	1.40147907	3.04E-07
113168	3.343411188	3.06E-07
115219	1.267535336	3.11E-07
189175	1.973853316	3.26E-07
139791	1.278081839	3.26E-07
108238	-1.737225225	3.32E-07
157444	1.168941017	3.39E-07
109353	-1.232969012	3.41E-07
155633	-1.087884501	3.42E-07
91235	-1.757532653	3.59E-07
174448	-2.067492493	3.97E-07
80289	1.885479904	3.98E-07
137746	2.43652433	4.02E-07
108397	-1.873908616	4.09E-07
156735	-1.299378894	4.18E-07
114945	1.379718969	4.22E-07
147401	2.693222036	4.25E-07
155742	-1.477489212	4.30E-07
105068	1.098050891	4.85E-07
155735	2.296951365	5.00E-07
155444	-1.145284754	5.06E-07
106942	-2.491663021	5.18E-07
94625	-1.054906215	5.18E-07
105610	1.76165915	5.22E-07
153852	-1.219797255	5.29E-07
155679	1.272724699	5.48E-07
149780	2.164483727	6.29E-07
125916	1.057896393	6.37E-07
16135	-2.970343423	6.37E-07
159330	1.281565061	6.78E-07
142083	2.53126256	6.83E-07
155036	1.12840328	6.83E-07
177120	-1.427188976	6.95E-07
156167	-1.32588238	7.06E-07
155531	2.482460191	7.23E-07
155652	1.212016126	7.24E-07
114325	-1.891174492	7.35E-07
184709	1.202387079	7.52E-07
81750	1.586427813	7.53E-07
165975	1.994694447	7.62E-07
141604	-1.045218682	8.13E-07
155885	-1.127230237	8.17E-07
148861	2.176426608	8.47E-07
156229	-1.045650307	8.56E-07
157132	2.030805468	8.89E-07
114612	2.379297163	9.01E-07
162807	1.47517128	9.70E-07
t116	4.136459291	1.02E-06
158914	-1.425934681	1.12E-06
157486	2.390368742	1.13E-06
107163	1.177123102	1.26E-06
141131	1.088845841	1.48E-06
149865	-1.279107252	1.52E-06
161379	1.242646405	1.63E-06
85908	-1.260271039	1.66E-06
51186	1.103402731	1.67E-06
116340	1.43701433	1.69E-06
163857	1.150569846	1.70E-06
157584	1.16614107	1.71E-06
93158	2.906413398	1.71E-06
157210	1.104584535	1.72E-06
108619	1.297910014	1.73E-06
157916	1.487097573	1.73E-06
139177	1.314674341	1.81E-06
157264	1.059705858	1.85E-06
141809	-1.576343213	1.89E-06
130612	-1.38629213	2.01E-06
135169	-2.403305536	2.10E-06
155026	-1.373451484	2.11E-06
165926	-1.095972705	2.15E-06
154075	-2.235643546	2.16E-06
125638	-2.220677227	2.20E-06
113895	-1.364008948	2.33E-06
76509	2.240123147	2.33E-06
108974	1.507628314	2.44E-06
125413	-1.207574352	2.50E-06
123569	1.259265034	2.78E-06
42629	2.138262436	2.91E-06
115038	1.673750633	3.09E-06
157402	2.864467968	3.19E-06
156766	1.603023577	3.24E-06
190180	1.208333429	3.25E-06
86845	1.126609971	3.26E-06
113990	-1.457594653	3.58E-06
183535	-1.018074125	3.60E-06
171024	1.377106073	3.67E-06
76795	-1.027713368	3.73E-06
113048	1.179615728	3.73E-06
155879	1.032287665	3.73E-06
116409	-1.724055364	3.74E-06
80593	-2.907551913	3.74E-06
41289	1.631166194	3.80E-06
115579	3.190035773	3.81E-06
118420	-2.467701143	4.12E-06
78961	2.34406123	4.29E-06
111191	3.633066441	4.61E-06
156198	1.940176935	4.68E-06
158870	-1.477475368	4.74E-06
106367	-1.102954753	4.87E-06
110704	-1.984895207	4.89E-06
161983	1.013522404	4.97E-06
113688	-1.333524761	4.97E-06
165248	1.170088964	5.12E-06
141863	1.054963951	5.13E-06
117141	1.328540844	5.62E-06
156250	1.243848762	5.79E-06
138837	1.553369706	5.91E-06
145853	-2.463242607	5.92E-06
83143	-1.819526805	6.33E-06
76764	1.391887146	6.42E-06
155456	1.761895486	6.43E-06
116168	-2.124586679	6.44E-06
161062	1.014741432	6.46E-06
80681	1.167820232	6.75E-06
160164	-1.128472227	7.25E-06
107098	1.055594547	7.28E-06
157180	1.101965756	7.81E-06
161895	1.357590712	7.81E-06
108855	3.851282458	7.89E-06
113331	-4.717943297	8.33E-06
157066	1.595315175	8.44E-06
155553	-1.480089038	8.58E-06
138847	1.520353725	9.03E-06
80895	1.74231045	9.22E-06
151310	1.889511438	9.41E-06
166949	1.581721083	9.41E-06
156685	1.235185453	9.48E-06
112467	-1.695555846	9.76E-06
79339	-1.572544833	9.91E-06
125653	-1.505132048	1.01E-05
143436	1.529035909	1.01E-05
161789	1.376744869	1.01E-05
144360	-1.406780484	1.01E-05
108490	1.424903352	1.02E-05
139679	-1.739479913	1.02E-05
156289	-1.982474737	1.05E-05
152780	-1.191932497	1.10E-05
155343	1.129633445	1.12E-05
166730	1.179896444	1.13E-05
190394	-1.293165604	1.13E-05
190286	1.18683791	1.17E-05
109925	1.151852526	1.17E-05
73332	-1.424778916	1.20E-05
165704	-1.332179502	1.22E-05
129816	-1.538222931	1.22E-05
164679	2.169144086	1.25E-05
113600	1.567551566	1.26E-05
106397	1.295381944	1.31E-05
106237	1.095403819	1.35E-05
80799	-1.712556596	1.42E-05
157371	-1.08237574	1.48E-05
40808	-1.360492989	1.49E-05
154841	-1.596090579	1.58E-05
145653	1.037437783	1.66E-05
138737	1.674379367	1.67E-05
157218	1.014468226	1.69E-05
142931	1.034845217	1.79E-05
78987	1.123741849	1.79E-05
104629	1.139616569	1.79E-05
163294	-1.15750762	1.88E-05
157997	-1.146308227	2.04E-05
157476	1.588649828	2.07E-05
79113	1.014255307	2.10E-05
161614	-1.337822458	2.10E-05
106892	1.149852315	2.13E-05
186663	-1.723993777	2.13E-05
156961	-1.030959852	2.14E-05
129018	-1.016546021	2.23E-05
156567	-1.367737726	2.28E-05
157230	1.210579037	2.29E-05
113018	2.527199838	2.30E-05
115925	1.900912187	2.47E-05
158105	1.191837422	2.51E-05
17593	1.967491166	2.85E-05
84477	1.452209441	2.87E-05
115756	1.11563133	2.88E-05
109863	1.938028164	2.99E-05
156248	1.679850294	3.07E-05
81119	-1.420784304	3.20E-05
152059	1.041244295	3.36E-05
139193	1.343358853	3.37E-05
111504	2.556741642	3.51E-05
112419	-1.189687188	3.55E-05
105456	1.964812178	3.74E-05
184669	1.105758877	3.82E-05
159785	2.205293912	3.85E-05
145801	-1.535473652	4.14E-05
156679	-1.487767989	4.18E-05
154961	-1.209862559	4.22E-05
152708	2.213478435	4.32E-05
154969	-1.444939885	4.42E-05
155518	1.57467492	4.47E-05
150847	-1.175021492	4.58E-05
115568	1.540662938	4.81E-05
155626	1.515701634	5.00E-05
109230	-1.132396398	5.11E-05
155423	1.091375773	5.23E-05
167165	1.069520365	5.38E-05
38698	-1.468416247	5.58E-05
143452	-1.213959076	5.68E-05
186396	-1.244285161	5.88E-05
110207	1.142317586	5.99E-05
114189	-1.127079882	6.02E-05
105267	-1.269116185	6.28E-05
140340	1.275727415	6.30E-05
167705	1.255714966	6.38E-05
108606	3.089552874	6.51E-05
163567	1.401435782	6.89E-05
109796	-1.576982715	7.01E-05
183210	1.151651822	7.06E-05
109390	1.244730542	7.27E-05
125943	1.406656766	7.27E-05
156962	-1.19647429	7.29E-05
161881	1.4228133	7.43E-05
153282	1.047207605	7.94E-05
157397	1.318845334	7.94E-05
144921	-2.026004766	8.34E-05
111223	1.108090538	8.57E-05
91737	-1.339168966	8.77E-05
107783	1.073135595	8.88E-05
113045	1.201495947	8.96E-05
115759	-1.347476989	9.54E-05
154664	-1.407702094	9.65E-05
154479	1.25192902	9.78E-05
115036	1.213573657	0.0001
166585	1.012381285	0.000101793
186366	1.339766315	0.000105943
85459	1.117419085	0.000106546
156800	-1.073731468	0.000107015
152236	-1.339067398	0.00010836
155773	-1.041004355	0.000112937
114756	1.289040244	0.000115764
111195	1.790084866	0.000116787
79271	-1.05080442	0.000119654
162997	2.08401199	0.000120655
107658	1.643256227	0.00012183
155983	-1.172570281	0.000123377
161753	1.597371465	0.000123377
136094	-1.259752628	0.000123916
151819	-1.247070189	0.000129459
72330	1.195906584	0.00013172
108290	1.640833554	0.000133349
174374	1.383538467	0.000134142
169735	-1.161081764	0.000134973
104141	1.641230663	0.000138406
112863	-1.053701799	0.000138997
113522	1.176168363	0.000138997
123725	-1.630728895	0.000139716
105096	1.322434881	0.000141915
81764	1.108485727	0.000142635
157978	1.832734156	0.000143819
92236	-1.183455886	0.000149292
145234	-1.533395815	0.000153658
159532	1.031092408	0.000163172
155287	1.099873696	0.000169927
78068	-1.37044389	0.000180074
155329	1.168737663	0.000180815
185990	1.358835839	0.000187599
155794	1.513975657	0.000189248
112497	2.116959996	0.000190509
129817	1.233795644	0.000191013
80369	-1.227747734	0.000198972
158235	-1.20389469	0.000199653
163411	-1.576092262	0.000200311
148070	1.012837497	0.000201378
104454	1.181165567	0.000209076
31991	1.159693245	0.000220139
113807	-1.723445042	0.00022151
155960	1.196818972	0.000224566
164609	-1.331480862	0.000224566
116343	1.139123997	0.000229991
115594	2.228299026	0.000243066
116297	1.051981523	0.000262144
109906	1.253514988	0.00026863
156313	2.306092275	0.000270307
92193	3.04624188	0.000280115
157479	1.565106907	0.000284895
163402	-2.590465875	0.000290883
138671	1.151359423	0.000295774
77403	1.700903741	0.000298846
177510	-1.114159277	0.000303227
110009	-1.360497366	0.000310989
152855	-1.78935166	0.000316055
118188	3.420472369	0.000317235
133506	1.304883499	0.000317937
167855	-1.923240493	0.000323793
82930	2.405554389	0.000325374
127703	1.322224778	0.000336011
104593	2.567770001	0.000341328
104285	1.503613954	0.000342921
145224	1.103649883	0.000355155
133754	-1.157953288	0.000361258
84447	-1.075668715	0.000369219
157811	-1.770089801	0.000373692
186086	1.385361691	0.000378659
156069	1.446013323	0.000398305
120175	-1.030031852	0.000425163
108485	-1.05972994	0.000444227
34232	2.470034539	0.000451213
142496	2.175742977	0.000452586
155262	-1.290398786	0.000452752
36529	1.23987176	0.000452913
110400	-1.124480641	0.000458147
109934	1.165381274	0.000459414
41661	-1.191078913	0.000459896
178831	-1.066853404	0.000461384
75944	-1.472062236	0.000464704
107249	1.031014809	0.000467973
109667	1.61166365	0.000468238
142678	1.224428381	0.000484817
110931	1.328081271	0.000492196
134047	-3.018507028	0.000492674
156965	-1.470925023	0.000492674
110416	1.118778418	0.00050007
114717	1.361491451	0.000505841
82878	-1.035116735	0.000507797
147534	1.939648341	0.000517685
105552	-2.722819459	0.00052209
113746	1.925316416	0.000546879
133839	-1.048396106	0.000548483
85382	-1.387987777	0.000548989
151567	-1.068762591	0.000554898
39091	-1.367064568	0.000584557
83171	-3.396707166	0.000584557
126217	-1.179807139	0.000585371
137671	1.297107367	0.000585371
109978	1.864973431	0.000589241
159082	1.205702705	0.000593775
85967	1.719233307	0.000597934
184870	-3.964937953	0.000613038
164926	-1.261717786	0.000635909
115371	1.629545449	0.000665651
157131	-1.878405046	0.000666975
110302	1.80538754	0.000685769
186878	1.04364177	0.000696856
146382	-1.026247225	0.000713564
111187	2.562685934	0.000740783
105408	1.211493126	0.000755625
166573	-1.688352317	0.000758691
163802	1.38346785	0.000760521
140608	1.329200605	0.000788109
91055	1.433310662	0.000796869
89138	-1.595426998	0.000828649
108218	1.010798248	0.000849403
82118	-1.097645564	0.000881816
154946	-1.002585324	0.000900818
132050	1.376162035	0.000920884
155333	1.028395107	0.000920884
105139	-1.610527645	0.000921947
166875	1.032979425	0.000940555
147376	1.210453696	0.000941204
155591	-1.379558454	0.000949781
76500	-1.249433886	0.000983151
109263	-1.533231209	0.000993248
116040	-1.136359073	0.00099479
114932	1.005039952	0.000996213
77371	-1.171677793	0.000997084
113949	1.076377802	0.000998367
108481	1.230348488	0.001005148
182539	2.425731301	0.001012258
152335	1.022941871	0.001017143
155328	1.081235679	0.001045335
113953	2.035196048	0.001087716
107566	1.668353465	0.001104002
111211	1.78026902	0.001104149
20451	-1.29831143	0.001127538
125596	2.337980775	0.001128766
116320	-2.425329025	0.001130632
157122	-1.075813113	0.001141219
149736	3.6202634	0.001170558
105339	-1.306415554	0.001182411
162126	1.153854593	0.001203199
115001	1.556071512	0.001206107
81962	1.54632803	0.001250304
106776	1.034236817	0.001297085
140074	-1.052555383	0.001340616
157538	1.307675647	0.001371175
135016	1.517936958	0.001381075
156750	1.070593545	0.001393394
156933	-1.050577128	0.001422875
110152	-1.160214333	0.001438454
122488	1.355224742	0.001468743
107332	1.943185326	0.001470315
106785	3.008413897	0.001480311
141912	1.652092151	0.001483683
157567	-1.583890028	0.00148663
109602	-1.392520168	0.001539474
156052	-1.023702701	0.001575358
115897	-1.091397749	0.001608506
107171	2.773413108	0.001665625
108653	1.012991121	0.001685274
188636	1.127437112	0.00169093
149657	1.068352754	0.001703575
124855	1.146021869	0.00173547
86692	-1.00649713	0.001805819
146159	1.164564106	0.00182127
81595	2.443619435	0.001822517
165806	1.42391633	0.001824417
156758	-1.762836857	0.001824692
164063	-1.170986948	0.001852693
108372	1.754869843	0.001859986
106921	1.005536414	0.001878745
171553	-1.04361643	0.001879959
146080	1.234495318	0.001880793
166162	1.523922249	0.00188396
157923	4.424130068	0.002000538
156744	1.466027967	0.002054756
85566	1.451824311	0.002123367
114253	1.341017733	0.002143186
104334	1.678187948	0.002167588
136688	-1.008032808	0.00226218
147295	-1.002745725	0.002264259
115809	1.231487801	0.002269138
104741	1.549503977	0.002274635
112311	2.64567275	0.002342375
83270	-1.031222184	0.002381194
158671	2.783273252	0.002386171
156606	2.372262534	0.002410149
105918	2.074888963	0.002441639
45061	-1.008099406	0.002476343
153068	-1.065062821	0.002496812
114766	1.367416419	0.002518944
136560	2.963901893	0.002537429
157002	-1.093191424	0.002570923
22237	-1.208214638	0.002570923
116099	1.049257152	0.0025754
178464	1.136136001	0.002615111
131995	1.581481928	0.002657393
158906	-1.231764788	0.00268205
115431	-1.036799478	0.002683464
142188	-1.051015895	0.002691495
163925	-1.350758639	0.002747615
109227	1.338812032	0.002750347
108379	1.839508725	0.002814467
113531	-1.233649152	0.002823386
104957	1.039997126	0.002840896
166331	-2.407295729	0.002840896
109813	2.092213139	0.002943985
127425	-1.522356773	0.002947124
79873	-1.132569836	0.00313845
154912	1.436985064	0.003143917
107081	1.469157533	0.003144729
155817	3.799570122	0.00329005
72002	1.816775243	0.00329005
77661	-1.154105354	0.003328596
104766	2.605538731	0.003361365
156012	1.127721465	0.003395024
134944	-1.054799484	0.003431489
148410	-1.764780565	0.003519667
104613	-1.234212693	0.003525626
162767	2.99350607	0.003614466
156292	2.831390819	0.003727203
145072	1.016226112	0.003803465
152456	1.041936174	0.003858786
155549	1.920239022	0.003907942
114066	-1.058148998	0.003959758
115740	-3.553347336	0.003996131
142239	1.273168473	0.004006791
167265	1.065901612	0.004193874
104582	1.893191115	0.00422226
154804	-1.437160158	0.004266112
122340	1.411989127	0.004405943
107136	1.405051321	0.004415685
160087	2.134365687	0.004415685
115100	-2.348111514	0.004459159
156168	1.539317698	0.00447248
79737	2.17959817	0.004473124
110104	1.597260934	0.004485896
190995	-1.033554674	0.004592183
104163	1.354420788	0.004616608
111983	-1.623377169	0.004640135
78337	1.596508963	0.004640146
114725	1.35595577	0.004810209
107183	-1.181498039	0.004815459
151941	1.26333152	0.004839698
162730	1.171548261	0.004847797
127850	-1.185911431	0.004900594
37717	1.329258	0.005190023
117999	1.36707014	0.005198136
80796	1.784769324	0.005310926
138360	1.075986146	0.005363566
107758	1.00549527	0.005444248
82687	-2.466543931	0.005488209
166448	1.121700138	0.005606562
137066	-1.189022476	0.005656238
114887	1.595597032	0.00571462
83385	1.331302518	0.005840163
154774	-1.190186988	0.005871065
155780	1.121512913	0.00603592
78133	-1.412136949	0.006189013
76916	-2.227749257	0.006189155
72303	1.226434634	0.006244675
144262	-1.143367739	0.006253408
48945	1.014710882	0.00628444
22967	1.790582445	0.006373624
165362	1.906649909	0.006567854
79895	1.415743143	0.006793905
134574	-1.18801882	0.006856554
155395	1.991151874	0.006919602
140394	-2.379210336	0.007276984
155442	1.14860019	0.007702063
11833	-1.104946134	0.008025066
106371	-1.559610035	0.008054389
117291	-1.497495244	0.008182916
110538	-1.002898191	0.008186847
154904	1.717017444	0.008404725
183978	1.427139635	0.008407115
157312	-1.124780219	0.008454086
80256	1.74226178	0.00876792
74780	1.598562776	0.008771873
83927	1.090972744	0.008771873
154472	1.007235538	0.008817045
160515	1.891838786	0.008904627
11770	1.123954852	0.009000233
129228	1.213148194	0.009198798
77633	1.44403852	0.00927455
163733	-1.002788472	0.009419567
20654	-1.087522151	0.009452315
167418	2.27552702	0.00958327
114575	3.015116633	0.009855597
74354	1.241224781	0.009857433
168241	1.826405704	0.009950957
162624	1.193989486	0.010229309
107145	-1.059339638	0.010405644
116314	1.846234912	0.010448057
112811	2.772431936	0.011068914
107455	-4.007642878	0.011374431
144573	2.461891391	0.011564618
76624	1.084136278	0.011588464
113966	2.310372258	0.011635415
133966	1.149378939	0.011896779
85858	2.083186955	0.012048395
72465	1.489208301	0.012301284
108079	1.178770209	0.012325065
158611	1.362896704	0.012325065
114581	1.196195195	0.01234998
144322	1.192394275	0.01238078
129225	1.461413869	0.01248769
83961	1.597909025	0.012780832
83758	1.044758185	0.012888656
107642	-1.637122868	0.013778549
74494	2.376160951	0.014131335
148871	-1.226847834	0.014166449
155825	-1.108131276	0.014247175
151364	-1.09207455	0.014337769
163354	1.32442819	0.014361044
167392	3.787030922	0.014380791
156379	1.386974044	0.014431378
77485	-1.019744113	0.014737205
164932	1.086346157	0.014815879
79827	1.433994929	0.015113
123428	-1.161656157	0.015166794
142662	2.477650337	0.015307319
155285	2.419343788	0.015331354
151838	2.055599179	0.015378095
135286	1.133690538	0.015545085
156346	-1.460002349	0.015593287
83968	1.085574651	0.015770344
149047	-1.388244599	0.015996979
32608	1.257578016	0.016442359
158770	1.175859832	0.016880826
164774	1.338362741	0.016880826
140774	-1.078225515	0.017063953
154936	-2.489783792	0.017069797
77555	2.082348436	0.01725432
158016	1.207832417	0.017384465
158052	1.274912951	0.017444289
73791	1.055387656	0.017956995
163178	-1.015944388	0.018486129
155296	1.125109402	0.019175908
163979	-3.336275032	0.019314607
156848	-2.212287482	0.019562043
144753	-1.141296902	0.019607731
167891	1.689389619	0.020009958
109312	1.045933204	0.02064357
110863	1.059661754	0.020757525
167148	1.457682934	0.020929351
77680	1.06326941	0.021421272
113898	-2.68865412	0.021704073
150197	1.126723612	0.021948535
144790	-1.025390862	0.022379511
154721	-1.051312927	0.022634918
155536	-1.41515136	0.022755121
121836	-1.252481788	0.022929177
109102	3.777689295	0.023012037
142314	2.245248964	0.023012037
162659	1.205366669	0.023035058
116171	1.019685631	0.023088245
118964	1.222917447	0.023117065
166967	1.25755117	0.023326972
82096	1.205560437	0.023538776
108121	1.095689758	0.02364275
108145	1.977848631	0.023724268
105214	3.059739999	0.023886441
84715	1.72984301	0.024110541
152044	-1.264077733	0.024150427
156991	2.87517913	0.024348002
114894	1.431262374	0.024548972
112094	1.542110665	0.024672293
109309	1.105381561	0.025130949
150705	-1.01214925	0.025508116
166640	-1.184510556	0.026014423
188453	1.327688558	0.026190526
142739	-1.002924842	0.026453383
116213	1.246417915	0.026490837
74863	1.114531084	0.026585153
110818	1.323506084	0.026592384
134783	1.364809495	0.026786018
161215	1.178692665	0.026964737
157151	-1.097919281	0.02734633
147162	1.130947918	0.027407641
154275	1.015481279	0.027550744
156811	1.480686461	0.027659273
157086	-1.09336984	0.027719983
157526	2.174730402	0.02783968
112595	1.825002048	0.028119138
19268	-1.180930254	0.028234274
85584	2.247356222	0.028292979
163852	2.267539	0.028366692
116272	1.682638383	0.028376021
106753	1.708683091	0.029159284
157965	1.35750203	0.029310156
165820	2.149861971	0.029357535
86684	1.491476658	0.029544778
35399	2.967530573	0.029742636
114813	-1.312093666	0.029786217
153053	1.330003064	0.029994593
154656	1.213499852	0.030358722
137203	2.024353746	0.031110084
150168	1.000999599	0.031455413
92435	1.102144569	0.031455413
155401	-1.097947834	0.03149821
106458	2.610612664	0.031553436
151498	-2.350771646	0.031688414
158084	1.951641499	0.032038042
78885	1.540955873	0.032908357
126295	-2.126361916	0.033371841
117713	1.069596778	0.033416806
112593	1.217065019	0.033458343
155836	-1.115757785	0.033772427
108300	1.021056327	0.034299012
105623	1.906557253	0.034648056
24286	1.702691622	0.035335663
114740	1.606137148	0.035619809
82305	-1.416954911	0.036801165
166497	1.002685586	0.038278722
119441	-1.305605078	0.038410701
86286	2.593234517	0.038500713
108021	1.787362268	0.038501578
135793	2.328433642	0.03867893
167611	1.567359185	0.039203614
96102	-1.106916022	0.039687717
40786	-1.541587819	0.040916879
153275	-1.142768059	0.04195224
157160	-1.81672622	0.042384525
119015	-1.362263964	0.042513227
95042	1.267301288	0.043015246
106032	1.965208664	0.043212666
161673	1.145035684	0.043397904
161491	1.47530766	0.04364529
161017	1.0267026	0.044796837
165610	1.210622959	0.044865843
92480	1.215455752	0.045848027
155797	1.777321797	0.047403942
105783	1.124741258	0.048359892
110857	1.312004193	0.048631206
112093	1.553024826	0.048805567
16755	1.008043553	0.048908557
116239	2.34782039	0.049061467
109736	-2.73043769	0.049483537
85242	2.284969318	0.049614145
