Gene	log2FC_sRNA	padj
109608	-8.018711774	1.00E-146
108240	-9.152238516	4.68E-137
115001	-8.031781991	1.44E-127
156160	-7.487478921	5.52E-126
155631	-8.084357481	8.19E-116
111341	-8.029524978	1.97E-113
112510	-7.718250679	2.90E-113
76488	-7.202458684	1.13E-105
157208	-8.019694625	2.19E-104
156565	-7.537660376	6.71E-104
157526	-7.717672492	7.02E-103
115910	-7.790416764	1.84E-101
110945	-5.522209928	1.12E-96
86316	-6.134976284	2.91E-95
168366	-6.891049248	2.21E-92
163530	-6.734063983	8.68E-91
156422	-7.602528042	8.83E-87
111376	-6.776391169	8.70E-86
109531	-5.759781406	1.30E-85
106231	-5.679946349	1.38E-84
111195	-6.849157709	1.70E-84
107923	-5.719142085	2.16E-84
116261	-5.695546735	2.36E-84
107234	-7.73033675	1.04E-83
156991	-7.425138406	1.87E-83
108202	-5.552723092	2.91E-83
161037	-6.477783029	3.59E-83
116306	-5.773558864	7.40E-82
105357	-6.893275189	7.47E-82
110983	-5.643754218	1.35E-81
107555	-6.08897733	6.18E-80
115511	-6.267405284	9.05E-80
161010	-6.141989168	7.75E-79
158433	-6.316154597	1.34E-78
113694	-7.534891235	4.47E-77
113040	-7.513052038	8.89E-77
106945	-7.687899835	4.02E-75
110035	-6.77252755	4.02E-75
104742	-5.552163126	1.84E-74
163529	-6.52292786	5.64E-74
81899	-6.926343696	6.42E-74
106032	-6.533937917	2.37E-73
109283	-7.469657541	3.78E-73
107004	-5.760185956	1.14E-72
156620	-7.385136769	1.17E-72
76997	-5.584614393	3.98E-72
113545	-6.669864821	1.65E-71
114504	-6.135828983	2.31E-71
76158	-5.726144447	1.11E-70
104303	-5.948839888	2.49E-70
109505	-6.528315261	4.64E-70
158671	-6.156678804	7.66E-70
159843	-6.393273345	1.43E-69
115727	-5.934696376	1.76E-69
107967	-6.234602886	3.29E-69
158561	-6.22284516	8.69E-69
115791	-5.743195942	1.16E-68
163370	-6.223835226	5.10E-68
35230	2.956222232	1.29E-67
109569	-5.96371911	4.28E-67
76104	-6.029251434	4.31E-66
109089	-5.338136354	1.11E-65
115556	-5.950016077	5.02E-65
164825	-5.96590162	9.75E-65
112490	-5.810311798	1.15E-64
76487	-6.176873416	1.31E-64
164072	-4.59899515	1.44E-64
106051	-6.175897076	1.94E-64
110204	-6.166986059	2.89E-64
111726	-5.683718192	7.18E-64
158933	-5.922103194	8.01E-64
166764	-6.053798096	9.95E-64
109504	-5.886640617	2.09E-63
79404	-6.337899789	2.58E-63
112793	-5.215636176	2.60E-63
107601	-5.357666688	2.80E-63
158111	-5.921084477	4.93E-63
80750	-5.630923973	4.66E-62
158280	-5.882428407	1.15E-61
82430	-5.449591995	1.40E-61
106387	-5.539498429	3.74E-61
85164	-5.993168081	6.68E-61
77527	-5.691621263	7.15E-61
158264	-5.813189731	1.42E-60
113533	-5.580277779	1.56E-60
108220	-5.678952325	1.95E-60
163977	-5.700771186	2.00E-60
116016	-5.66857495	2.26E-60
112363	-5.836214875	9.58E-60
164373	-5.966841786	1.14E-59
107304	-5.918203851	2.27E-59
105864	-5.798410035	6.81E-59
115500	-5.679728566	1.07E-58
168177	-5.676188644	1.57E-58
114149	-5.948341791	1.89E-58
112326	-5.825290421	4.30E-58
105439	-6.484815679	5.62E-58
116358	-5.740016703	7.12E-58
85624	-5.894585915	7.28E-58
156290	-5.278065727	7.69E-58
115949	-5.401968713	1.34E-57
108969	-5.478661085	1.42E-57
115402	-5.630034334	1.43E-57
115168	-5.789592397	1.72E-57
109148	-5.551663956	1.84E-57
164723	-5.602691748	1.84E-57
111906	-6.365831959	2.23E-57
85423	-5.577166967	2.53E-57
111237	-5.585095106	3.03E-57
113076	-5.806297585	3.32E-57
110706	-5.792790208	3.60E-57
108700	-5.217277523	3.71E-57
164283	-5.76835267	3.71E-57
168082	-5.907231111	4.07E-57
105456	-5.857587203	6.21E-57
104709	-5.896728969	6.38E-57
112328	-5.758836747	6.71E-57
160288	-5.544296679	8.14E-57
79285	-5.591811865	9.20E-57
104671	-5.692424923	1.11E-56
83453	-5.491186629	1.14E-56
115555	-5.756193824	1.78E-56
108968	-5.298175167	1.91E-56
104719	-5.086766153	1.96E-56
116302	-5.796473804	2.00E-56
108199	-5.851365273	2.03E-56
162245	-5.574212493	2.51E-56
114013	-5.922594236	2.73E-56
114218	-5.652633248	4.27E-56
111427	-5.778240244	5.44E-56
107398	-5.699034157	6.08E-56
85846	-5.652847588	7.98E-56
113665	-5.18747137	1.07E-55
116128	-5.770403405	1.27E-55
106251	-5.531429373	1.55E-55
167315	-5.803409521	1.89E-55
108145	-5.480549802	2.00E-55
116325	-5.739635095	2.02E-55
115844	-5.728675658	2.10E-55
85832	-5.767370852	2.19E-55
85067	-5.706163457	2.57E-55
114493	-5.872473676	3.45E-55
115728	-5.534862772	3.70E-55
106388	-5.721628161	3.88E-55
112183	-5.927925245	4.54E-55
107981	-5.706249983	6.06E-55
109566	-5.727022825	6.09E-55
116213	-5.474443492	7.35E-55
111445	-5.744819952	8.64E-55
104837	-6.096756886	9.87E-55
107300	-5.777468906	1.02E-54
167359	-5.993575582	1.23E-54
156847	-5.457361897	1.29E-54
113332	-5.554081269	1.96E-54
105299	-5.277153567	2.14E-54
111556	-5.845279896	2.30E-54
107765	-5.867033714	2.46E-54
108644	-5.070177265	2.86E-54
166107	-5.655808151	3.01E-54
114208	-5.337919072	3.10E-54
106038	-5.731495962	3.18E-54
107827	-5.18090602	4.83E-54
112317	-5.392529864	4.85E-54
115717	-5.700201716	6.17E-54
84461	-5.509590456	8.95E-54
82417	-5.450072282	1.23E-53
76230	-5.797465522	1.76E-53
78424	-5.305341373	1.93E-53
112330	-5.850258099	4.08E-53
166484	-5.353441115	4.14E-53
114217	-5.582157707	4.27E-53
107302	-5.816379239	5.07E-53
112291	-5.04279978	9.32E-53
112344	-5.692034116	1.02E-52
113667	-5.22548307	1.51E-52
108530	-5.428317581	1.64E-52
104987	-5.55081611	2.03E-52
82499	-5.454058554	2.32E-52
79223	-5.633521196	3.72E-52
109407	-5.024715966	7.41E-52
106179	-5.633734236	7.76E-52
168028	-5.762672777	1.34E-51
155589	-5.393887274	1.51E-51
76874	-4.575179006	2.14E-51
166028	-5.628682022	2.26E-51
78281	-5.693798578	2.60E-51
104452	-4.949911658	3.61E-51
85793	-5.426069151	3.75E-51
111157	-5.708542598	4.11E-51
113462	-5.161327956	4.51E-51
165115	-5.324231538	5.03E-51
115792	-5.264221579	5.14E-51
162016	-5.402170885	5.87E-51
166230	-5.621000238	6.85E-51
86417	-5.394259494	8.33E-51
110964	-5.382369934	1.19E-50
161884	-4.754374897	1.22E-50
112652	-5.105163166	1.32E-50
113648	-5.011871251	1.32E-50
114012	-5.823861333	1.86E-50
164856	-5.271718689	2.64E-50
115434	-5.40965272	2.64E-50
114368	-5.904225025	4.42E-50
108528	-5.589670345	4.77E-50
85955	-5.064861245	8.38E-50
110407	-5.393004418	8.58E-50
163068	-5.389953114	9.14E-50
84919	-5.219306683	9.79E-50
107784	-5.248789627	1.25E-49
85859	-5.389048954	1.26E-49
109983	-5.335059527	1.31E-49
168323	-6.201239184	1.47E-49
106768	-5.16667091	1.50E-49
78345	-5.694174782	1.86E-49
163195	-5.53333359	2.79E-49
114130	-5.527016307	3.26E-49
157925	-5.667930882	3.32E-49
84406	-5.408511187	3.53E-49
85526	-5.267609005	5.29E-49
166329	-5.274001671	5.47E-49
167664	-4.882350155	7.12E-49
108434	-5.478566705	7.83E-49
107899	-5.746549119	8.65E-49
108050	-5.478518821	8.65E-49
113931	-5.468566557	8.65E-49
159352	-5.326320689	1.13E-48
164840	-5.725409924	1.72E-48
104840	-6.34709298	1.79E-48
161181	-5.463440554	1.79E-48
104474	-5.342648501	2.37E-48
105999	-5.18429569	2.38E-48
114098	-6.024582021	2.54E-48
76105	-5.665303109	2.71E-48
107410	-5.279945434	3.81E-48
110830	-5.271033714	4.08E-48
164768	-5.299243879	4.36E-48
115533	-4.899544424	4.85E-48
159676	-5.015957409	8.54E-48
85973	-5.089852248	9.67E-48
109726	-5.04161509	1.07E-47
114745	-5.373740645	1.51E-47
77020	-5.44076538	1.70E-47
112324	-5.230010639	1.75E-47
116131	-5.244804677	1.88E-47
162045	-5.373152125	1.97E-47
109772	-5.312112724	1.99E-47
166199	-4.954186876	2.17E-47
80993	-5.145376309	2.91E-47
158263	-5.625641692	3.06E-47
77392	-5.167469357	3.28E-47
104801	-5.452351332	3.28E-47
109900	-5.225139405	3.76E-47
104769	-5.492405401	6.94E-47
82472	-5.048149651	8.57E-47
106390	-5.146372746	8.83E-47
115385	-4.805883531	1.36E-46
80992	-5.246772052	1.58E-46
113232	-5.052361579	1.73E-46
81974	-5.572614148	2.60E-46
162616	-5.130061766	3.03E-46
76941	-5.032734608	3.76E-46
114913	-5.302644126	4.00E-46
86330	-5.462805787	4.27E-46
115432	-5.092743778	4.36E-46
112210	-5.193195183	7.86E-46
162725	-4.900450965	9.22E-46
75923	-5.177658953	1.08E-45
161204	-5.299604007	1.17E-45
107968	-5.193854818	1.18E-45
116126	-5.322516047	1.22E-45
104961	-5.314899502	1.33E-45
161576	-5.172847601	1.43E-45
159569	-5.259986669	1.46E-45
156604	-5.290770532	2.00E-45
111924	-5.306955333	2.17E-45
113038	-4.912038446	2.66E-45
121797	-5.348960897	2.87E-45
111158	-5.410097997	2.92E-45
166471	-5.309543264	3.29E-45
109572	-5.109235395	3.45E-45
108478	-5.158760719	5.22E-45
110276	-5.042010762	6.44E-45
166118	-5.343296586	6.94E-45
167622	-4.951008668	8.36E-45
158469	-5.28059538	1.08E-44
109550	-5.313304292	1.13E-44
85022	-5.356480799	1.16E-44
105886	-5.179274286	1.19E-44
86861	-5.12271855	1.23E-44
86048	-5.035432403	1.56E-44
109415	-5.17330847	1.98E-44
159702	-5.045610079	2.27E-44
82207	-5.215728649	2.38E-44
77171	-5.282550509	2.42E-44
116333	-5.031649482	2.44E-44
86924	-5.12487268	2.48E-44
109318	-5.5774285	2.83E-44
113861	-5.273451102	2.98E-44
113212	-5.191246285	3.00E-44
107351	-5.264130985	3.18E-44
114746	-4.353888341	3.40E-44
160956	-4.954521909	3.61E-44
115405	-5.498468541	4.45E-44
85858	-5.143596635	4.65E-44
116332	-5.138590639	4.81E-44
81059	-4.7209369	5.91E-44
158110	-5.190053936	7.76E-44
157699	-5.259103021	8.40E-44
105676	-4.889252641	8.40E-44
157986	-4.682627308	8.70E-44
115116	-4.757605658	8.78E-44
114119	-5.449625419	1.13E-43
110404	-4.91571819	1.21E-43
114080	-5.351983358	1.64E-43
82925	-5.034296074	1.83E-43
84864	-5.423293561	1.89E-43
114120	-5.210566365	1.91E-43
84203	-5.273444495	2.05E-43
113695	-5.503848536	2.12E-43
158672	-4.898865667	2.35E-43
79183	-5.209812432	3.05E-43
158895	-5.244607733	3.24E-43
85743	-4.867016193	3.38E-43
104718	-5.370282023	3.62E-43
105678	-5.201931776	5.00E-43
79354	-5.499031451	5.23E-43
109805	-5.470037795	5.89E-43
116273	-5.441221161	7.14E-43
86602	-5.40546426	7.60E-43
165981	-5.101893864	8.01E-43
111093	-4.996507673	1.06E-42
156553	-5.189998759	1.06E-42
107411	-5.35594948	1.70E-42
106197	-5.310733274	1.77E-42
108864	-4.995032208	1.77E-42
114842	-4.916400545	1.85E-42
116281	-5.283887803	1.97E-42
83652	-5.33046598	2.51E-42
112460	-5.106763776	2.74E-42
107063	-4.926746297	3.07E-42
113787	-5.403009852	3.10E-42
79134	-5.235412079	3.11E-42
158274	-4.911596258	4.57E-42
161025	-4.943185488	4.57E-42
112841	-5.662256849	4.62E-42
108437	-4.786688957	4.72E-42
113109	-4.908218	4.93E-42
105938	-5.009211467	6.20E-42
116172	-4.827447542	6.44E-42
114277	-3.367775248	7.57E-42
106104	-4.909921968	7.73E-42
107412	-5.051027851	9.02E-42
114051	-4.665367299	9.40E-42
108253	-5.023924374	1.46E-41
107455	-5.116555157	1.81E-41
82384	-5.244778998	1.92E-41
166198	-5.103930024	2.54E-41
156395	-5.077066381	2.68E-41
165362	-4.610844279	2.87E-41
111696	-5.044584661	2.89E-41
115367	-5.071745071	2.95E-41
111306	-4.612053718	2.96E-41
81263	-5.056637464	3.42E-41
115621	-5.310788335	3.42E-41
113608	-5.334765567	4.66E-41
166952	-5.274538756	4.99E-41
109582	-5.251388204	5.90E-41
109624	-5.364194191	7.50E-41
157510	-4.519411018	9.46E-41
107005	-5.152644461	9.51E-41
112810	-5.217197308	1.02E-40
86232	-5.101999774	1.09E-40
116364	-4.912448574	1.15E-40
108643	-5.254467392	1.16E-40
77504	-4.449173383	1.26E-40
112469	-4.895917662	1.27E-40
115467	-4.554720298	1.45E-40
115854	-5.385709987	1.62E-40
113666	-4.624631211	1.66E-40
166970	-4.99496688	1.80E-40
80244	-4.889498852	2.55E-40
106502	-5.018321119	2.76E-40
113376	-4.962240337	3.09E-40
168121	-4.952667227	4.40E-40
167314	-4.790260679	4.42E-40
165194	-4.788039922	6.60E-40
115711	-4.922942255	1.09E-39
78078	-4.788277196	1.10E-39
114483	4.716223262	1.24E-39
79714	-4.613323586	1.46E-39
112811	-4.961189768	2.10E-39
104995	-5.138407295	2.12E-39
157843	-5.125232528	2.49E-39
158897	-5.2642952	4.21E-39
107062	-5.155259698	5.05E-39
85623	-5.034945464	5.21E-39
112439	-4.926212012	5.64E-39
112951	-4.967070499	6.79E-39
112400	-4.885024043	9.80E-39
83142	-5.077213029	1.12E-38
158172	-5.040380243	1.45E-38
111728	-5.161103753	1.65E-38
152804	-5.262910307	1.85E-38
108093	-4.647369532	2.59E-38
113403	-4.729687686	2.75E-38
110630	-5.403935798	2.88E-38
107379	-5.575699329	3.24E-38
76982	-5.092316175	3.74E-38
107715	-5.119009484	4.60E-38
107678	-4.989923825	4.94E-38
82208	-4.857249287	6.63E-38
159740	-4.816836117	8.17E-38
158702	-4.755003965	1.02E-37
121815	-4.930354714	1.36E-37
46410	-2.739901122	1.52E-37
109609	-3.918534198	1.70E-37
85242	-4.716881077	2.52E-37
114132	-4.876156269	2.81E-37
160588	-5.101554422	3.66E-37
158276	-4.868413089	3.71E-37
112534	-4.752992065	4.43E-37
107958	-5.077774838	4.67E-37
106770	-4.966740892	5.32E-37
116082	-4.784584716	5.45E-37
167911	-5.044107265	5.46E-37
78304	-4.853144932	7.04E-37
156804	-5.228174802	7.34E-37
108263	-5.167999318	7.50E-37
113611	-4.77031224	7.59E-37
83227	-4.639431102	9.53E-37
106315	-4.967982631	1.02E-36
109623	-5.214961095	1.12E-36
91027	-3.847438619	1.14E-36
155883	2.22596652	1.84E-36
84912	-4.718359445	2.50E-36
104758	-5.651640549	2.61E-36
161577	-4.829259304	2.95E-36
122463	-5.191992849	3.59E-36
83993	-4.892450456	4.29E-36
78553	-4.569914489	5.47E-36
109999	-4.970067439	5.91E-36
123153	-5.103630451	1.40E-35
113664	-5.043191206	1.71E-35
80809	-4.541658217	1.84E-35
110120	-5.045412434	2.08E-35
155166	4.09687734	2.11E-35
161123	-4.566985646	2.98E-35
111588	-5.331248167	3.24E-35
106037	-4.747496727	3.40E-35
85556	-4.260268334	3.64E-35
110121	-4.332264683	4.02E-35
86485	-4.631787135	4.93E-35
82126	-3.112040662	5.03E-35
107084	-4.670875156	5.37E-35
108505	-4.963333404	5.55E-35
105998	-4.830162803	6.42E-35
160930	-4.786208978	8.19E-35
115199	-5.214943692	9.03E-35
115531	-5.563749287	1.09E-34
79776	-5.089267136	1.21E-34
75643	-4.621897259	1.27E-34
168020	-5.09493548	1.35E-34
147376	1.950863087	1.41E-34
104672	-4.745598291	1.55E-34
163770	-4.947654444	2.06E-34
77036	-5.182297778	2.08E-34
168019	-5.046458514	2.09E-34
161124	-4.810190128	2.44E-34
157276	2.179642823	4.96E-34
114035	-4.374379279	1.32E-33
104551	-4.205474868	1.61E-33
112436	-4.492349371	2.98E-33
108791	-4.06915013	4.31E-33
114776	-4.621013477	5.83E-33
112919	-4.812381457	8.84E-33
132524	-4.756543191	1.06E-32
114220	-4.730843888	1.50E-32
115736	-5.37805833	1.67E-32
78403	-4.112174082	1.90E-32
80770	-4.390159467	2.36E-32
113966	-4.280885101	2.38E-32
104453	-4.403201728	2.84E-32
104841	-5.317120752	3.09E-32
115512	-4.862429853	3.67E-32
113546	-4.114596671	3.96E-32
161989	-5.105710428	4.14E-32
158932	-4.282496326	6.63E-32
111092	-4.956915429	1.08E-31
107563	-4.50357289	1.13E-31
135024	2.339793323	1.39E-31
160211	-4.248131992	2.66E-31
163599	-4.678287736	3.35E-31
34754	-4.701306924	6.12E-31
108887	-5.937265591	7.39E-31
159786	-4.096087041	1.33E-30
155592	3.318850491	1.36E-30
114775	-4.347521217	1.70E-30
76301	-4.653085239	1.78E-30
109225	-2.945365901	2.15E-30
113331	-6.237424786	3.11E-30
81415	-4.022361517	3.26E-30
83354	-4.562501195	3.28E-30
105207	-6.141417198	3.90E-30
157011	-4.933781911	4.04E-30
159787	-4.224735521	5.19E-30
112323	-4.230376721	5.90E-30
104836	-5.374308213	6.06E-30
108094	-3.690689878	1.35E-29
161888	-6.54183531	1.44E-29
109319	-4.54271982	2.14E-29
110969	-3.516042633	2.89E-29
162244	-4.60888939	4.47E-29
110942	-4.192768232	4.73E-29
167897	-4.278921407	5.35E-29
163979	-4.183641022	6.21E-29
111336	-4.804836989	7.02E-29
107736	-4.139327339	9.14E-28
146470	2.485169632	9.93E-28
160172	-3.940292654	1.16E-27
129817	1.834361336	1.45E-27
167948	-4.962670572	1.70E-27
157844	-4.27128214	2.23E-27
191377	2.425548694	2.55E-27
113233	-4.335667417	3.25E-27
109311	-4.763754877	4.23E-27
158643	-4.134565836	5.15E-27
112342	-5.13782382	8.36E-27
123809	-4.059993641	1.55E-26
115406	-4.598138023	2.19E-26
115937	-4.503434381	2.91E-26
113898	-4.225801421	3.19E-26
183044	-3.522063937	1.86E-25
119704	-5.078610391	4.31E-25
109495	-5.806453922	4.57E-25
167168	-5.03088153	4.99E-25
107924	-3.796757839	9.37E-25
105740	-4.266499092	1.12E-24
105451	-6.964303983	1.44E-24
83154	-3.244639613	1.71E-24
80729	-3.132240012	2.14E-24
109250	-3.567521879	2.77E-24
114610	-3.643063778	2.90E-24
166530	-3.777044432	4.52E-24
110808	2.025190276	4.80E-24
112100	-3.240447482	5.09E-24
186086	2.071127432	5.93E-24
164671	1.635245813	6.52E-24
115740	-5.066233394	1.01E-23
123802	-3.856859919	1.27E-23
123814	-3.667268158	2.55E-23
107352	-3.421622337	2.87E-23
112108	1.789780786	3.13E-23
116331	-4.396990207	3.62E-23
114150	-3.921937326	3.77E-23
138823	-5.054614634	4.23E-23
115737	-4.913151177	4.81E-23
179978	3.426643464	6.98E-23
166844	-4.181432243	7.22E-23
105184	-3.960032796	3.85E-22
123811	-3.84033812	6.97E-22
123803	-3.913784694	9.19E-22
108121	-3.342634977	1.20E-21
104978	-3.365462128	1.30E-21
158282	-4.761654317	1.57E-21
123866	-3.810215102	2.12E-21
157230	1.294991679	2.28E-21
178894	1.707720381	2.71E-21
161678	-3.369963997	2.74E-21
104552	-3.137644132	4.12E-21
144143	-5.505392428	6.83E-21
157288	2.262406608	8.33E-21
105154	-2.993097937	9.64E-21
114070	-3.76077174	1.48E-20
123804	-3.886275806	1.63E-20
157950	-3.281550385	1.70E-20
142378	2.503913202	1.81E-20
185166	1.823806496	2.65E-20
106727	-4.455634987	5.31E-20
115656	-4.612935838	5.74E-20
109284	-4.821747923	2.07E-19
104466	-5.963961888	3.66E-19
116326	-7.674712211	3.67E-19
109901	-4.881978105	3.83E-19
157401	-2.993960006	3.85E-19
48059	1.467491263	4.27E-19
113847	-3.771853785	4.64E-19
72765	-3.029089016	5.08E-19
162436	-2.687490598	6.07E-19
123808	-3.669833939	6.60E-19
75846	2.518694183	6.88E-19
85682	-3.434162272	1.50E-18
114231	-6.028623999	2.11E-18
123806	-3.776756207	2.49E-18
116280	-3.258712518	2.59E-18
113905	-4.790265455	4.81E-18
76290	-3.884188949	6.25E-18
155500	2.76305474	6.74E-18
113110	-3.582228558	7.33E-18
110912	-4.985640309	1.03E-17
116222	-3.586763154	1.16E-17
138658	2.92557448	1.54E-17
82041	-3.943221514	2.24E-17
83520	-2.103875121	2.52E-17
77548	-3.277052565	2.78E-17
125421	-3.623000252	3.05E-17
163935	-3.56676944	3.47E-17
111493	-2.049045191	5.64E-17
106198	-4.665592898	7.85E-17
155528	1.531351678	1.24E-16
154743	2.36806099	1.37E-16
105462	-2.606254171	1.77E-16
104873	-4.167638911	2.11E-16
161600	-2.441912653	2.48E-16
111531	-3.451917713	2.64E-16
77769	-3.823005745	2.86E-16
140082	1.780858883	3.20E-16
115397	-4.442443841	4.66E-16
111339	-3.535548673	4.75E-16
177367	1.659637256	7.22E-16
109233	-6.87799987	8.63E-16
162950	-2.374630022	1.57E-15
41289	1.70753896	2.88E-15
78293	-2.691265492	3.10E-15
145356	1.865145127	5.87E-15
31317	2.090693734	7.63E-15
132688	1.737456855	9.64E-15
154815	1.799175873	1.31E-14
113801	-3.981057961	1.47E-14
157166	1.600495041	1.84E-14
104593	3.26532075	2.31E-14
148011	1.769150562	2.61E-14
80205	-3.055954469	3.63E-14
91563	2.680839285	8.65E-14
155262	-2.041084046	1.38E-13
183033	-1.4200594	1.58E-13
140498	1.45281173	2.54E-13
112074	-3.492305275	3.09E-13
114381	-3.396895013	3.14E-13
108490	2.097468061	5.32E-13
84835	-3.333174847	5.50E-13
159839	-2.700941672	6.21E-13
104248	-3.96872873	6.25E-13
156465	1.984884567	7.36E-13
115549	-1.708128185	1.01E-12
105267	-1.791326774	1.04E-12
157316	1.763913785	1.40E-12
163245	-3.229318135	3.07E-12
112842	-4.029578135	3.82E-12
186024	1.438411439	4.02E-12
116314	-2.58253265	4.52E-12
156125	2.10683537	6.08E-12
85042	-2.468447875	6.16E-12
189960	1.29190469	6.18E-12
106013	-2.033008853	6.65E-12
136148	1.530762758	6.82E-12
182749	-1.998209474	8.54E-12
178540	1.835684281	8.65E-12
157567	-1.791746762	1.05E-11
154858	2.021874438	1.10E-11
113848	-2.829868292	1.11E-11
149394	1.581588284	1.27E-11
78987	1.210894843	1.44E-11
157066	2.04681267	1.60E-11
107859	-1.811601886	2.65E-11
156794	1.361323143	4.10E-11
153534	1.836369798	4.24E-11
111488	-3.058611049	4.32E-11
86437	-3.160578565	4.72E-11
168039	-2.373606852	5.08E-11
165482	-3.886406481	7.17E-11
71875	-2.020613336	7.34E-11
118420	-2.229577498	1.03E-10
140453	1.450006889	1.05E-10
156498	1.066750528	1.14E-10
77497	1.32029069	1.21E-10
154895	1.621321437	1.33E-10
106728	-3.339187188	1.38E-10
143448	-1.2584267	1.43E-10
188160	1.580904049	1.51E-10
83191	2.246229729	1.79E-10
107714	-2.929406436	1.88E-10
110016	2.196321626	2.03E-10
110009	-1.139556533	2.13E-10
110985	-3.302541295	2.92E-10
155023	2.046659347	3.02E-10
113169	-1.526622476	3.13E-10
104887	1.303192539	3.17E-10
115484	1.561906626	3.64E-10
156766	1.31317731	4.03E-10
138189	-2.182652485	4.22E-10
113990	-1.395872025	4.31E-10
108274	-2.591238294	4.73E-10
180692	2.006287122	6.85E-10
159099	1.311720589	7.62E-10
105472	1.827131581	7.70E-10
29874	2.614103061	7.97E-10
154749	2.013228779	8.01E-10
165154	-3.014297097	1.08E-09
183446	-1.592542948	1.11E-09
126658	-1.121648291	1.27E-09
155962	1.327048263	1.32E-09
77196	1.728652367	1.34E-09
152792	1.502907526	1.45E-09
110939	1.646458863	1.94E-09
17593	1.823200487	1.98E-09
185348	-1.73070023	2.18E-09
115852	-2.771401654	2.33E-09
124855	1.823496062	2.49E-09
171785	1.895376691	3.22E-09
115763	-2.489509597	3.30E-09
122685	-1.089920622	3.31E-09
157371	-1.213433048	3.41E-09
19483	-4.273019665	3.53E-09
161881	1.385601176	3.82E-09
80664	-1.993024484	4.24E-09
167295	-2.389954923	4.39E-09
108667	-1.886686308	5.28E-09
79271	-2.566965814	5.37E-09
106942	-2.583611261	6.81E-09
184814	1.179794425	6.91E-09
184750	-1.573659209	7.24E-09
115620	-2.51335845	7.54E-09
116409	-1.284395654	8.87E-09
82544	-1.977728038	9.20E-09
189175	2.107203571	9.46E-09
77781	-1.392986136	9.57E-09
154936	-3.279554183	1.01E-08
157486	2.448643104	1.13E-08
106110	-1.470611027	1.13E-08
139791	1.262512604	1.24E-08
44932	1.115453748	1.33E-08
159414	1.626294892	1.44E-08
32382	1.595122854	1.54E-08
163411	-1.970200098	1.58E-08
106237	-2.02405189	1.61E-08
155711	1.987070522	1.64E-08
115100	-2.338366269	1.79E-08
111806	-2.955446461	1.86E-08
156869	-1.337259451	1.93E-08
129613	1.057688881	2.05E-08
156065	1.940560335	2.11E-08
152780	-1.149190553	2.30E-08
111467	-2.736232117	2.35E-08
106355	1.734579378	2.39E-08
109356	1.281759087	2.81E-08
78931	1.284932538	3.08E-08
157548	1.194290993	3.18E-08
156250	1.302084363	3.58E-08
156254	2.001208723	4.20E-08
155573	2.552682187	4.29E-08
141131	1.163516062	4.52E-08
154902	-1.013138942	4.55E-08
111943	-1.961592625	5.24E-08
84372	-2.311462194	5.48E-08
147955	-1.547097954	5.61E-08
106240	1.651764558	5.63E-08
174448	-2.073950066	6.42E-08
141273	1.685217186	6.70E-08
155651	-1.348474847	6.93E-08
51186	1.405082611	7.03E-08
109353	-1.380905294	7.20E-08
154019	1.053721602	7.24E-08
152522	-1.826715694	7.74E-08
157324	-1.109255805	8.25E-08
86692	-1.008589921	8.30E-08
156013	1.122667411	8.55E-08
151062	1.050053554	9.74E-08
155263	1.359930247	1.05E-07
139614	-1.023137485	1.05E-07
107290	2.147320017	1.09E-07
40786	-1.198703133	1.11E-07
112430	1.114444025	1.12E-07
142931	1.065789628	1.28E-07
105139	-1.384516947	1.52E-07
79339	-1.576439762	1.53E-07
104629	1.166548111	1.71E-07
156978	1.03224924	1.80E-07
157132	1.726064603	1.81E-07
105280	-2.203771749	1.82E-07
187130	-1.786274226	1.95E-07
157072	-1.902023497	2.28E-07
162849	1.381325902	2.33E-07
171024	1.438669989	2.43E-07
156248	1.791222595	2.46E-07
107299	-6.533947369	2.49E-07
45643	1.42790546	2.76E-07
151819	-1.09161849	2.76E-07
110207	1.204065384	2.76E-07
145020	1.150564577	2.87E-07
83031	-2.897802811	2.89E-07
117981	-1.602806548	2.96E-07
78611	1.322088046	2.96E-07
144790	-1.811286416	3.00E-07
153506	1.393705683	3.02E-07
84255	-2.013680311	3.07E-07
115925	2.229469615	3.07E-07
173295	-2.171279373	3.08E-07
121218	1.749242737	3.53E-07
108308	1.217440695	3.82E-07
183529	1.172398006	3.86E-07
122731	1.224883816	4.10E-07
167165	1.554753349	4.36E-07
116274	-4.48795766	4.46E-07
137463	-1.39696632	4.54E-07
158611	1.385448587	4.95E-07
105625	-2.274083765	4.99E-07
152044	-1.944335307	5.23E-07
150480	-1.132559908	5.49E-07
41661	-1.101800314	5.68E-07
147160	-1.872773631	5.75E-07
155276	1.196641598	5.75E-07
115710	-2.489865819	5.91E-07
71272	1.402308816	6.08E-07
12667	-1.287704752	6.16E-07
153280	1.610908695	6.27E-07
114672	1.314135823	6.27E-07
115137	1.585531015	6.30E-07
136487	1.897070024	6.54E-07
185065	-1.402657089	6.60E-07
81857	1.050691371	6.65E-07
156936	1.3849427	6.91E-07
82305	-2.426140528	7.22E-07
115376	-2.313787885	7.22E-07
142083	2.185647882	7.36E-07
147806	1.203081213	7.57E-07
157070	-1.668102033	9.48E-07
74396	1.119895812	9.98E-07
184669	1.338371638	1.04E-06
190709	1.348237617	1.08E-06
139679	-1.254881531	1.09E-06
156993	1.094218069	1.09E-06
161121	1.928934014	1.12E-06
165975	1.537833957	1.12E-06
159340	1.504412633	1.13E-06
146433	1.644215864	1.22E-06
138847	1.34199539	1.25E-06
82429	-2.407013592	1.26E-06
155794	1.990315783	1.27E-06
83143	-1.964459166	1.35E-06
185910	-1.120405988	1.35E-06
90838	1.531414588	1.40E-06
90308	1.061703852	1.41E-06
191214	1.069330291	1.41E-06
156301	1.184081268	1.43E-06
106481	-1.369196388	1.44E-06
155287	1.567815615	1.46E-06
112419	-1.20997408	1.47E-06
122340	1.177569812	1.50E-06
183101	1.043736841	1.63E-06
105410	1.132420975	1.70E-06
115916	-1.561305184	1.71E-06
24330	-1.610650562	1.73E-06
152360	-1.265447542	1.90E-06
106649	-2.097611194	2.08E-06
110430	-1.78299743	2.11E-06
80799	-1.556315144	2.21E-06
112154	-1.639507311	2.32E-06
160585	1.223487588	2.59E-06
156750	1.791740001	2.62E-06
82878	-1.164100607	2.63E-06
140340	1.215171336	2.67E-06
77708	-2.050607845	2.74E-06
155048	-1.1869392	2.96E-06
77569	1.735873312	3.16E-06
138330	1.156420945	3.28E-06
73332	-1.619837363	3.33E-06
155110	1.364423435	3.48E-06
77261	-2.31714694	3.74E-06
156289	-1.976120576	4.01E-06
105951	1.421990819	4.12E-06
81188	-2.037359306	4.31E-06
142350	1.204291432	4.36E-06
141809	-1.776624581	4.42E-06
124098	-2.191213684	4.48E-06
162091	1.704333173	4.49E-06
105619	1.392172642	4.53E-06
45435	1.378977858	4.86E-06
125653	-1.282992169	5.14E-06
161614	-1.309009863	5.43E-06
115038	-1.779248479	5.47E-06
107269	1.048891126	5.59E-06
112467	-1.956870228	5.79E-06
189295	1.107483403	5.95E-06
108335	-1.261757697	6.19E-06
73240	1.235020465	6.19E-06
186366	1.647218481	6.90E-06
155383	-1.103985209	7.14E-06
157584	1.210985024	7.28E-06
139955	1.943986832	7.32E-06
157426	1.080224045	7.90E-06
107229	1.034597167	8.90E-06
135181	1.413504172	9.28E-06
106371	-1.952265855	9.49E-06
107961	1.926833067	9.84E-06
109077	-1.530396256	9.88E-06
108030	-1.005772206	1.03E-05
32392	1.168888044	1.05E-05
165612	1.807601877	1.07E-05
140713	1.303295111	1.08E-05
158914	-1.445901016	1.11E-05
166257	1.262379171	1.13E-05
83367	1.329370464	1.19E-05
110388	1.217134091	1.21E-05
17074	-1.268395149	1.21E-05
117664	1.246268877	1.22E-05
182647	1.407858081	1.25E-05
184870	-2.743155677	1.25E-05
151898	1.556426736	1.42E-05
46339	-1.852854002	1.43E-05
154750	-1.283756595	1.43E-05
157264	1.310596403	1.46E-05
157498	1.213119888	1.61E-05
159552	1.172044428	1.68E-05
178854	1.179872252	1.74E-05
154772	-1.239140151	1.75E-05
152236	-1.532424047	1.75E-05
36529	1.395029629	1.76E-05
113167	1.057298063	1.76E-05
155531	1.954700943	1.78E-05
116040	-1.270320804	1.90E-05
146996	-1.181032549	1.95E-05
162699	1.831618817	1.97E-05
104484	1.07897821	2.13E-05
159765	-2.292291839	2.13E-05
78068	-1.448443377	2.15E-05
115857	-2.261872799	2.23E-05
153053	-1.701861986	2.24E-05
39091	-1.222845365	2.26E-05
106932	1.720642768	2.30E-05
116279	1.179444233	2.49E-05
184270	-2.531651514	2.53E-05
109263	-1.580715015	2.54E-05
104507	-2.049615581	2.61E-05
110868	-1.245706943	2.65E-05
184304	1.034714592	2.66E-05
176428	-1.049439528	2.71E-05
182769	-1.132844943	2.76E-05
148055	-1.522450329	2.81E-05
41668	-1.449354738	2.88E-05
154961	-1.191663381	2.89E-05
108238	-1.326426694	3.02E-05
110924	-2.758162617	3.04E-05
82360	-1.930314995	3.04E-05
157064	1.485792873	3.12E-05
84769	-1.127461902	3.13E-05
156167	-1.186001924	3.22E-05
154814	1.079850943	3.32E-05
165806	1.985036693	3.32E-05
107141	1.113214028	3.32E-05
174921	1.27829163	3.40E-05
90329	-1.450890381	3.45E-05
109599	2.281904438	3.53E-05
153275	-1.17638234	3.59E-05
157278	1.354291366	3.59E-05
104504	1.161758389	3.61E-05
104405	1.521798912	3.67E-05
154133	1.383593713	3.67E-05
160543	1.356682956	3.71E-05
115756	1.229197138	3.89E-05
157992	-3.346506104	3.89E-05
112244	-2.92925201	3.95E-05
108619	1.190436373	4.18E-05
184709	1.321706494	4.24E-05
163718	1.205107617	4.28E-05
106207	-1.760928693	4.35E-05
145853	-2.343356973	4.61E-05
157195	-1.017303151	4.64E-05
189040	-1.492119287	4.76E-05
154992	1.59360185	4.80E-05
157263	-1.476345194	4.82E-05
153282	1.202736083	4.86E-05
165926	-1.339056533	5.22E-05
106254	1.603158862	5.26E-05
181188	1.255332102	5.31E-05
104699	1.060063877	5.36E-05
142505	1.356923626	5.42E-05
145801	-1.580069303	5.43E-05
113048	1.026977881	5.47E-05
187391	-1.475853151	5.89E-05
108697	1.897491023	5.91E-05
187167	1.287485098	5.98E-05
155279	-1.038321809	6.02E-05
157356	1.371857027	6.03E-05
157593	1.369283411	6.05E-05
134965	1.11474124	6.08E-05
43377	-2.050090916	6.15E-05
80006	-1.903796491	6.35E-05
136094	-1.344861458	6.62E-05
160248	-1.811521942	6.75E-05
48945	1.358380113	6.95E-05
156297	-1.194229285	7.00E-05
13406	1.093268392	7.23E-05
188453	1.060184466	7.46E-05
110703	-1.319862635	7.47E-05
190794	1.045494746	7.90E-05
115952	-2.168318276	8.08E-05
139177	1.707912724	8.09E-05
159532	1.117544579	8.46E-05
184060	1.221947001	8.46E-05
109302	-1.716733216	8.52E-05
153792	-1.332784296	8.63E-05
125591	-2.207966886	8.80E-05
162792	-1.395274565	8.85E-05
111555	-2.88066287	8.98E-05
154841	-1.426490336	9.18E-05
168275	-2.169877443	9.18E-05
116129	-1.733857447	0.000102126
163147	-1.499974875	0.000103705
114492	-1.725694685	0.000108047
109412	1.044459393	0.000108248
115037	-1.141792891	0.000110708
157587	-1.473745626	0.00012958
85900	-1.591106567	0.000130208
108405	-1.329824792	0.000131182
138737	1.687614897	0.000134797
148979	1.602089868	0.000139916
143638	1.020709695	0.000140212
104254	-1.18431406	0.000143017
184494	1.000291061	0.000143855
84477	1.319668667	0.000151162
104329	1.185707091	0.000151298
165704	-1.019995926	0.000154704
160654	-1.228193346	0.000156355
105700	-1.682312324	0.000163221
22237	-1.110247569	0.000163498
186020	1.475918751	0.000164813
84308	-2.15947791	0.00017542
146080	1.470523655	0.00018714
145299	-1.629155032	0.000193571
156579	-1.877484134	0.000195867
153454	1.292259609	0.000203726
105048	-2.0878604	0.000206777
157469	1.177397662	0.000207498
163076	1.356134026	0.000207863
148013	1.16108567	0.000210022
141268	-1.391863439	0.000222905
158770	1.878540299	0.000225411
77706	-2.369249724	0.000225452
80964	-1.143683679	0.000226977
88295	1.641134562	0.000231221
130612	-1.319510536	0.000236317
154273	-1.208315991	0.000241512
167240	1.086810518	0.00024443
104985	-2.311992377	0.000245653
105587	-1.965190785	0.000245653
156431	-1.291216484	0.000246299
111049	-1.900880642	0.000247645
40808	-1.172724421	0.00025499
150563	1.281807745	0.000257744
162730	1.067911125	0.000267096
152456	1.284266849	0.000277962
146440	1.093979701	0.000279875
113688	-1.101277588	0.000290489
157419	1.139107157	0.000294429
105710	-1.346070522	0.000317971
167652	1.024277873	0.000327291
138837	1.677525008	0.000346019
157402	2.074928287	0.000348565
188136	-1.068748641	0.000363542
109343	-1.067689255	0.000363585
133927	2.281669738	0.000371669
163077	1.546420571	0.000380032
157444	1.388707715	0.000402053
108298	-1.405158895	0.00040709
157212	-1.277859275	0.000422447
114551	-1.760245423	0.000429368
157063	-1.142990321	0.000438249
114756	1.291469654	0.000449829
86006	2.031245579	0.000450223
38698	-1.563609591	0.000456456
155255	1.081928065	0.000457467
112950	-2.40290762	0.000462058
136724	1.327442741	0.00048806
107026	1.857047573	0.000494727
109821	-1.738894932	0.000498686
157058	1.281735309	0.000500902
140055	-1.396033342	0.000501845
110684	1.079116512	0.000540198
163240	1.207600347	0.000540313
115373	-1.579449707	0.000541914
105060	-1.073046863	0.000546595
130592	-1.210312467	0.000546595
109528	-1.994856724	0.000546725
107658	1.609984729	0.000549854
171369	-1.045723641	0.000597714
156407	-1.043964832	0.00060213
142188	-1.017026542	0.000602446
186533	-1.271833427	0.000620114
163688	-1.381335215	0.000634172
159447	-2.120446913	0.000646729
73711	1.02296602	0.000646729
154978	1.183603739	0.000648831
110302	1.965100792	0.000650846
178831	-1.040470691	0.000650846
153523	-1.415071442	0.000654235
114813	-1.203261267	0.000667363
157061	-1.053025017	0.000672947
148538	1.233431679	0.000681258
72465	1.428879548	0.000692197
146396	1.28521067	0.000701116
159480	-2.224634381	0.000701502
114414	-1.107809901	0.000705592
104890	-1.603414108	0.000707215
124347	1.536424369	0.000716456
111273	1.004257335	0.000721542
114404	-1.02824893	0.000724596
107312	1.630206756	0.000779865
112531	1.125348358	0.000782971
191058	1.343051003	0.000785494
142239	1.487813825	0.000818396
123569	1.221645764	0.000828915
86308	1.373899853	0.000835092
108201	-1.368152577	0.000849751
118958	-1.676807484	0.000856574
115151	1.139305171	0.00086199
155463	1.140989672	0.000892898
128055	-2.038841317	0.000924221
191104	-1.713621282	0.000924256
161968	-2.175432519	0.000937932
106896	-1.497019398	0.000944922
142804	-1.04883288	0.000951869
140479	1.604293953	0.000991145
154866	-1.084045	0.001001241
76083	-1.255383839	0.001008572
167795	-1.153086208	0.001008572
147642	1.042360486	0.001029693
114575	2.131634975	0.001035354
150847	-1.098115475	0.001036452
81459	1.130087183	0.001041489
89882	-1.443686326	0.001079575
115848	1.021060655	0.001119144
109813	-2.238173858	0.001137577
93498	1.297634134	0.001137577
165226	-1.698780857	0.00114585
123815	-1.510326205	0.00116375
118405	-2.420596031	0.001193587
106562	-1.028210575	0.00119594
77661	-1.204758798	0.001243155
154075	-1.057975321	0.001250506
112114	-1.372331643	0.001261233
164765	1.347988394	0.001301908
190286	1.053388604	0.001321432
107053	-1.161590399	0.001325091
148433	-1.056870203	0.001360763
185293	-1.093785427	0.001363271
146914	1.414339782	0.00141069
153255	-1.581993459	0.001412104
35560	1.022906698	0.001418415
168368	1.457857561	0.001430553
135692	-1.901912644	0.001440068
113753	-1.452371796	0.001440068
160895	1.157684854	0.001461798
174374	1.26061061	0.001476712
147227	1.10473669	0.001504613
154479	1.206430453	0.001533365
135169	-1.697339479	0.001540903
184375	-1.034562595	0.001546549
155983	-1.122988884	0.00155937
154828	1.022655707	0.00156897
109398	-1.305369453	0.001618003
114039	-1.941467065	0.001649747
73433	-1.874995934	0.001650968
134139	-1.716427332	0.001703202
119638	-1.237135326	0.001730014
126026	1.392813885	0.001737054
107642	-1.34271754	0.001742893
147336	-1.489068465	0.00176671
165036	-1.810107472	0.001809433
113703	-2.895166671	0.001818153
153852	-1.138872975	0.001828012
78326	-1.361221225	0.001828097
155666	1.169466277	0.001846793
81119	-1.13678393	0.001862801
105255	1.366217102	0.001873463
115295	1.530507512	0.001899184
166553	-1.348701074	0.001902638
155298	1.491225123	0.001940736
158385	-2.371913466	0.002013172
107969	1.319452794	0.002013172
33615	1.488420833	0.00202519
142131	1.486388372	0.002070158
166730	1.088240987	0.002071758
114286	-1.801827473	0.002077599
156916	-1.141206933	0.002084455
116344	-1.391237549	0.002129994
161288	-1.912676791	0.002135055
157591	1.078040773	0.002158817
186509	1.108335763	0.002177533
150263	1.984076659	0.002199656
133972	-1.632510551	0.002216674
166274	-1.561902039	0.002236669
79646	1.495875952	0.002318223
115521	-3.712527208	0.002323601
182985	-1.171384209	0.002450217
156546	-1.14685218	0.002450217
86936	1.492728445	0.00245336
157115	-1.137781652	0.002472667
165444	1.411007815	0.002488149
76082	-1.072576002	0.002490677
90719	-1.444329259	0.002500408
114584	-1.691465418	0.002507235
83333	1.354389321	0.002524067
83946	1.139891985	0.002526884
126210	1.051040023	0.002538842
77290	-1.376228251	0.002564838
105696	-1.454238763	0.002582575
114725	-1.484457613	0.002652157
79453	-1.945720348	0.002696862
144573	-1.469039077	0.002699923
135793	-1.655426198	0.00271231
128301	-1.048545272	0.002722977
155025	1.044935807	0.002802231
36175	-1.374921777	0.002859801
111460	-1.549550965	0.002892401
164121	2.130742317	0.002907696
164609	-1.333994063	0.002907696
124558	1.335402511	0.002934149
105068	1.113174346	0.002949051
156313	1.95066102	0.002974793
155816	-1.342047979	0.002996582
115622	-1.210298451	0.003059307
107873	-1.143928424	0.003095092
81962	1.438283612	0.003102268
104316	-1.114375856	0.003103451
79351	-1.3569483	0.003140787
108370	-2.155382808	0.003166889
155113	1.124910037	0.003173439
43679	-1.494741811	0.003181937
157218	1.072249798	0.003183732
158487	1.260001395	0.003205943
115799	1.105260641	0.003212495
83828	1.092118498	0.003230845
165306	1.576616078	0.003231515
166881	-1.131191677	0.003235541
153099	-1.324424574	0.003244204
163733	-1.507235613	0.003271054
152023	1.104666673	0.003354406
79121	1.35757238	0.003405684
115759	-1.045476173	0.003406217
149271	1.430356168	0.003465757
108239	-1.596921339	0.003468107
117141	1.252851704	0.003476537
73139	-1.226943395	0.003509729
109309	2.379857189	0.003510058
113531	-1.199821586	0.003510886
115084	-1.505454116	0.003548291
108397	-1.550575798	0.003581685
109227	1.133365441	0.003719467
154804	-1.639385198	0.003762419
86710	1.182523171	0.003787624
116223	-1.365194011	0.003809535
110788	-1.1309746	0.003850742
148944	-1.563064613	0.00386139
189752	-1.442909421	0.003881243
155456	1.862040815	0.003904941
108135	-2.339270818	0.003934699
153656	-1.574194974	0.003934699
140988	-1.235846327	0.003980366
112341	-2.164796637	0.003980366
165072	-1.027041011	0.004077355
107896	-1.911705135	0.004157352
174595	1.119658889	0.004188933
39830	-1.132841904	0.004234455
166331	-1.266125367	0.004248061
157645	-1.588195924	0.004439923
109934	1.001091914	0.004480287
163257	-1.039194403	0.00450678
79317	-1.154482441	0.004507055
85264	-1.314458684	0.004522238
71831	1.459687632	0.004567202
109532	-3.691353551	0.00458418
85180	-1.379847001	0.004612582
108448	-2.434894875	0.004669171
150170	1.040184533	0.004811318
39960	-1.076111617	0.00486778
78912	-1.368976966	0.004895219
115267	-1.441930745	0.004958053
105610	1.6957618	0.004986373
115845	-1.317153448	0.005004007
105913	1.061891103	0.005025571
106541	-1.200394572	0.005090342
78651	-1.609783696	0.005097367
72330	1.163133347	0.005101438
160355	-1.848420975	0.005185733
164515	1.015920242	0.00519808
125943	1.465410709	0.005288531
163092	-1.534629243	0.005346543
155570	1.173901049	0.005390033
111010	-1.892121095	0.005443204
141803	1.358757526	0.005451061
162698	1.234740037	0.00551077
80401	1.71328184	0.005636458
186492	-1.120088854	0.005731058
107145	-1.299454865	0.005967196
167464	-1.098710831	0.005979226
113168	1.652556121	0.006069502
109334	-1.567568417	0.006189876
91949	-1.638988968	0.006228999
127026	-1.340781044	0.006228999
75018	-1.587560172	0.006257506
86670	1.279170112	0.006379613
79878	-2.172130113	0.006500102
163402	-1.408017144	0.006508145
11289	-1.318776148	0.006513497
146751	1.077069658	0.00651732
150779	-1.70974521	0.006545824
79895	1.151914345	0.006638373
182712	1.280592844	0.00665513
72954	-2.025415618	0.006660391
161924	1.320901589	0.006865394
43302	1.057751278	0.006943666
83377	-1.317403198	0.00697665
135599	1.254771783	0.00716895
13978	-1.471175597	0.007184171
107224	-1.544077073	0.007496908
138363	-1.010996194	0.00752247
108372	1.096378693	0.007636339
113567	-1.220066396	0.007803168
164668	-1.304601382	0.007829724
142496	1.388126936	0.007860696
163700	1.061275636	0.007915981
86687	-1.147465619	0.007959107
107963	-1.029533063	0.008053565
129990	-1.831942769	0.008163851
148256	-1.83697003	0.008297318
24485	1.022786067	0.008328833
24441	1.468827572	0.008368284
108502	-1.116970347	0.008611334
154647	-1.294045015	0.008611334
113819	-1.144025937	0.008627824
107669	-1.515851034	0.008637112
80892	-1.233900742	0.008767999
113678	-1.474312275	0.008972157
108840	-1.033383969	0.009105623
158341	-1.221697887	0.009126992
115003	-1.449027391	0.009138276
107602	-1.670822457	0.009176257
45205	-1.332029999	0.00921016
132741	1.504115483	0.009259078
155173	-1.357185498	0.009277764
156235	-1.15539062	0.009510376
182857	-1.358455845	0.009539553
112923	1.110743281	0.009615041
114121	-1.600975487	0.009626524
86422	-1.082842154	0.009843905
146159	1.004857999	0.009919246
166508	-2.117931508	0.009924421
162077	-1.721040406	0.009944951
162063	-1.756934514	0.009990056
114066	-1.156966176	0.010038725
32511	-1.555991762	0.010091455
115572	-1.401263121	0.010351492
140394	-1.644279596	0.010689637
105275	-1.085285543	0.011098053
109727	-1.43900841	0.011111397
108935	-1.363144453	0.011123257
111645	-2.021978824	0.011123257
158007	-1.259486719	0.01158193
114266	-2.074587565	0.011609527
154827	1.292116399	0.011685414
105088	-1.708715072	0.011803966
38405	-1.672552924	0.011841497
85111	-1.655149871	0.011987689
76343	-1.35249759	0.011989186
108379	1.16986641	0.011989186
154473	-1.306989259	0.0120118
114904	-1.469827203	0.012114271
76916	-1.621390397	0.012198869
156263	-1.06303005	0.012237301
22150	-1.225392917	0.012303386
139916	1.070671104	0.012370993
106238	-1.099336743	0.012439368
44438	-1.01702328	0.012466023
92820	-1.065540974	0.012480089
151310	1.392094182	0.012508969
109863	1.09755773	0.012561945
108626	-1.0837395	0.012698178
166503	-1.581833416	0.012777107
76764	1.10148302	0.013074433
125764	1.098934289	0.013130212
112249	-1.466104741	0.013130212
113380	-1.3681585	0.013139123
108471	-1.266431573	0.013149786
81764	-2.354540473	0.013205068
81648	-1.344063182	0.013437638
82114	1.36944229	0.013437638
161215	-1.278469992	0.013439494
107554	-1.559521508	0.01354826
104655	1.297924156	0.013705209
85493	-1.172507046	0.013726213
133817	-3.438852766	0.01420461
157460	-1.067117606	0.014213567
107142	-1.322604339	0.014269328
112520	-1.419585833	0.014269391
155043	-1.120130657	0.014283539
132126	-1.137986451	0.014429223
104454	1.098295031	0.014565283
14281	1.097020094	0.014615672
113101	1.840949201	0.014747552
130602	-1.379296828	0.014794118
186396	-1.024938391	0.015350289
36903	1.337384202	0.015350289
138374	-1.378282384	0.015359885
157923	-2.292753147	0.01585058
163412	-1.136572296	0.016187452
159427	1.064087051	0.01641575
159144	-1.637443361	0.016419964
165248	1.226476074	0.016419964
83617	-1.531512504	0.016600156
139962	-1.086087393	0.016636432
156662	-1.384226094	0.016894736
145589	-1.850960794	0.016894736
116317	-1.445686808	0.016940046
113241	1.069717553	0.016990287
159195	-1.280114283	0.017164312
177510	-1.592705824	0.017394262
165795	1.484009996	0.017742161
85355	-1.145768662	0.017853322
165503	-1.237354036	0.017944157
163644	-1.121533261	0.018198836
150820	-2.083745343	0.018629932
11833	-1.380117006	0.018640938
82671	-1.880165835	0.018866715
156957	1.007449056	0.018889671
156277	-1.564522309	0.01900507
162767	1.569113606	0.019088226
122090	-1.718204087	0.019195187
15755	-1.209392743	0.019332104
143483	-4.870183885	0.019515849
83263	-1.159791478	0.019673859
120424	1.162640764	0.019673859
161412	1.027785921	0.019695381
152122	-1.143882347	0.01994826
156197	-2.049792799	0.020053984
71760	-1.213273688	0.020081828
155468	-1.444434419	0.020278793
190864	-1.238582412	0.020429017
107263	-1.969418368	0.020462842
126048	1.332947591	0.020529607
149755	-1.276964043	0.020820242
155435	-1.023394045	0.02132386
184292	-1.158591715	0.021397979
163925	-1.520883098	0.021431475
154855	-1.291047467	0.021463423
113560	1.167703183	0.02157104
130929	1.075717856	0.02165393
106369	-1.235782741	0.021887563
126632	1.142795834	0.022366322
157095	1.097938	0.022425582
77243	1.082967706	0.022433929
109397	-2.161410746	0.022480481
116354	-1.475562462	0.022604799
79009	-1.128371783	0.022611431
105830	-1.545680535	0.022646842
86286	-1.448947577	0.022729805
79547	-1.628661097	0.022972242
140212	-1.104349705	0.023107722
16135	-1.258928645	0.023140428
92273	2.444453202	0.023197267
167863	-1.560132459	0.023227926
106272	-1.514258366	0.023269639
144088	1.020116865	0.023273482
190180	1.042543384	0.02346883
110615	-1.415738265	0.023630252
107713	-1.39859661	0.023727531
82744	1.267765059	0.023751363
155450	1.025370908	0.023829795
125745	1.040439679	0.023884691
154250	-1.097867842	0.024357688
24118	1.316807219	0.024586112
111593	1.035651845	0.025036164
147171	1.880395048	0.025042475
188911	-1.08899171	0.02515583
160339	-2.004511808	0.02528585
107951	-1.134648272	0.025368739
125638	-1.760609126	0.025368739
144921	-1.974247489	0.025400401
143745	1.114116685	0.02547123
158815	-1.658308209	0.025823628
111412	-1.069711523	0.025823628
77371	-1.491422064	0.026193405
152291	-1.31619063	0.026494788
110783	-1.363155059	0.026722617
151498	-1.362682231	0.027121566
125572	1.115696665	0.027242368
150109	-1.005100926	0.027367453
154703	-1.385641443	0.02762261
161407	-1.748736928	0.027866769
155489	-1.419475916	0.02810704
112015	-1.296036313	0.028291271
86410	-1.606292177	0.028332907
159009	-1.663160432	0.029088981
156158	-1.310181673	0.029121895
107109	-1.305152689	0.029151261
114342	-1.081462577	0.029612474
112814	1.140413641	0.030211026
155903	4.144647785	0.030416775
80796	1.183072171	0.030589888
104627	-1.203093368	0.030681457
78687	-1.672235725	0.03097273
104828	-1.544224015	0.031295646
85091	-1.119115945	0.031899747
86017	1.151109715	0.031899747
159685	-1.092280294	0.031901635
104766	-1.455964	0.031952239
149491	-1.01108741	0.032079781
164510	-1.397470113	0.032438411
137890	-1.581035123	0.032597334
79610	-1.553115099	0.032879573
77716	1.175589131	0.032928328
106563	1.017471009	0.032966413
111603	1.004829358	0.032992742
168336	-1.476113431	0.033051232
106140	1.186807004	0.033217097
36468	-1.420513489	0.033584198
156744	1.062869105	0.033584198
107534	-1.129826914	0.033618383
82050	-2.030779885	0.033618383
151941	1.015925398	0.034016675
81363	-1.496403617	0.034026814
163594	-1.431493554	0.03416038
76927	-1.728400307	0.034189912
42770	-1.074668302	0.034189912
83686	1.074954842	0.034231567
165438	1.118949426	0.034264522
135619	1.08205431	0.034820959
106493	-1.634753491	0.034992206
159727	-1.301536825	0.035053776
110704	-1.269757716	0.035699362
111366	-2.290793663	0.035699362
167672	-1.524579955	0.035716111
147149	1.037372828	0.035740055
76245	-1.442668615	0.036281295
164400	1.168265271	0.036530128
107920	-1.330432589	0.036899648
107688	-1.497612166	0.037306463
24324	-1.647692964	0.03748712
86148	-1.373067142	0.037646041
162659	1.11111152	0.037654618
135320	-1.040233404	0.037804775
109775	-1.006191549	0.037804775
40585	-1.330383691	0.037804775
104249	-1.169470385	0.037845593
164479	1.009155819	0.037856546
164509	-1.579881431	0.038588121
126140	1.325570827	0.038663348
115051	1.026043812	0.038671006
134236	-1.323872481	0.038895506
104397	-1.362678901	0.039170139
124847	1.351370899	0.039173696
105347	-1.020418431	0.04005773
157160	-1.213905605	0.040084747
106822	-1.365861056	0.040108968
88825	-1.033983982	0.04070401
107105	-2.633174117	0.041163303
161616	-2.09641561	0.041549189
111110	-1.386125417	0.041854593
153706	-1.166341224	0.042256628
154774	-1.030758331	0.042375455
77701	-1.123478857	0.042529078
155847	-1.851861735	0.043422273
116171	-1.391898541	0.043443459
114270	-1.104699096	0.043669545
111653	-1.119238655	0.043682249
158052	1.059343912	0.043702451
79649	-1.287856277	0.043871165
106702	-1.315455934	0.043882328
157464	1.256742327	0.044033548
114612	1.034089512	0.044156066
106189	-1.395660046	0.044389049
115161	-1.338352775	0.04454227
80432	-2.358535486	0.044872881
80485	-1.585646909	0.044974626
104722	1.067217519	0.04518274
164044	-1.890182856	0.04521306
115079	-1.665061207	0.045299203
155310	-1.025545527	0.045536951
141303	-1.374172904	0.045579487
110108	-2.238673223	0.045947064
104246	-1.509248044	0.046158322
127793	1.082747263	0.046393358
79935	-1.912631591	0.046408195
157131	-1.072072807	0.046755016
168317	-1.313179722	0.046755016
110801	-1.433707043	0.04724581
71892	-1.436773216	0.047402219
158061	1.048426646	0.047402928
80527	-1.215563786	0.04789128
112901	-1.012704067	0.04789128
164774	1.032476377	0.047956476
115875	-1.018548894	0.048240286
157997	-1.122270646	0.04830839
157604	-1.249007367	0.048453143
116320	-1.033155629	0.04890191
156494	1.254155104	0.04911338
74780	-1.218047926	0.04911338
106346	-1.10315756	0.049214579
162300	-1.365950375	0.049355529
